18 17 
277 277 
8 9 
0 5 
40 41 
100 92 
259 265 
63 61 
163 148 
122 259 
95 242 
41 42 
33 38 
133 125 
52 51 
44 47 
94 133 
155 149 
74 75 
93 88 
66 71 
85 84 
107 108 
207 195 
118 117 
140 141 
184 184 
181 178 
173 174 
165 170 
85 61 
217 217 
106 120 
206 207 
258 254 
177 180 
250 250 
147 157 
280 278 
251 251 
221 228 
240 241 
284 284 
51 45 
14 14 
194 210 
36 38 
136 125 
47 47 
77 75 
80 80 
113 114 
102 104 
146 147 
114 114 
127 133 
179 180 
209 208 
147 147 
228 221 
220 217 
239 230 
138 184 
242 241 
213 214 
205 210 
231 231 
254 251 
264 264 
242 133 
42 44 
21 21 
221 195 
10 11 
83 81 
54 54 
72 71 
51 48 
84 82 
87 87 
76 77 
68 73 
109 111 
120 120 
61 70 
153 153 
205 200 
112 121 
183 181 
202 194 
94 103 
267 260 
164 167 
238 238 
257 251 
209 211 
220 220 
221 185 
19 50 
219 224 
23 20 
271 271 
282 280 
229 125 
253 253 
13 12 
16 17 
286 286 
193 207 
86 81 
79 78 
63 70 
42 47 
253 230 
112 111 
123 120 
83 84 
105 108 
167 168 
178 177 
160 159 
200 201 
190 187 
83 61 
152 160 
212 211 
204 207 
223 220 
215 216 
288 286 
185 193 
245 244 
277 276 
237 240 
229 236 
15 47 
8 8 
259 264 
63 60 
0 40 
41 41 
52 50 
12 14 
104 97 
23 23 
96 242 
1 4 
74 74 
85 83 
56 56 
95 133 
107 107 
89 89 
130 127 
92 100 
104 74 
181 177 
141 141 
125 133 
236 229 
174 174 
226 221 
207 207 
90 67 
240 240 
25 23 
255 256 
14 13 
273 273 
186 125 
206 219 
86 74 
78 70 
277 279 
70 66 
48 47 
259 267 
132 126 
63 63 
163 150 
133 127 
259 123 
3 17 
114 113 
66 73 
107 110 
180 180 
59 70 
118 119 
61 79 
221 217 
92 103 
213 213 
151 152 
184 186 
202 203 
254 250 
173 176 
165 172 
265 259 
217 219 
155 164 
214 213 
247 247 
18 9 
250 252 
21 20 
280 280 
10 10 
2 6 
261 266 
33 30 
25 26 
43 43 
84 81 
3 7 
273 276 
117 114 
76 76 
55 53 
47 49 
120 119 
251 230 
77 77 
121 120 
172 165 
133 94 
184 176 
110 110 
194 189 
154 153 
143 143 
176 177 
235 226 
106 112 
179 182 
209 210 
128 136 
242 243 
213 216 
24 20 
194 202 
254 253 
286 285 
264 266 
17 17 
9 13 
276 277 
28 26 
40 0 
6 7 
50 50 
249 259 
10 13 
23 32 
83 83 
54 56 
94 92 
72 73 
84 84 
116 116 
127 125 
97 102 
117 117 
68 75 
149 149 
160 158 
150 150 
182 182 
153 155 
253 242 
223 219 
183 183 
215 215 
17 7 
216 216 
248 248 
197 202 
238 240 
209 213 
249 249 
201 209 
282 282 
13 14 
252 259 
64 59 
24 23 
56 55 
46 47 
78 79 
57 56 
89 88 
79 80 
30 38 
90 89 
182 172 
134 132 
112 113 
104 109 
1 16 
74 86 
156 155 
167 170 
126 132 
178 179 
189 188 
211 212 
91 67 
222 221 
255 255 
252 249 
212 213 
244 245 
37 32 
236 241 
288 288 
267 265 
185 195 
285 282 
245 246 
38 33 
277 278 
237 242 
15 49 
19 19 
79 70 
11 15 
230 239 
52 52 
44 48 
259 122 
74 76 
174 163 
53 53 
66 72 
85 85 
49 19 
67 73 
107 109 
86 86 
59 69 
118 118 
70 78 
170 165 
130 129 
140 142 
119 119 
219 206 
192 189 
151 151 
184 185 
152 152 
155 163 
174 176 
106 121 
193 189 
185 185 
18 8 
229 228 
188 196 
218 218 
25 25 
4 2 
3 6 
37 35 
55 52 
26 25 
59 59 
77 76 
48 49 
80 81 
100 96 
92 92 
184 175 
110 109 
81 82 
125 125 
44 51 
114 115 
155 153 
146 184 
185 175 
158 158 
147 148 
159 159 
191 191 
129 136 
161 168 
221 219 
52 32 
192 192 
224 224 
181 182 
225 225 
217 221 
276 276 
235 238 
214 215 
287 285 
258 258 
21 22 
280 282 
10 12 
62 59 
231 245 
84 83 
261 124 
68 74 
109 112 
128 125 
88 89 
147 138 
120 121 
99 98 
77 79 
54 32 
153 154 
132 131 
110 112 
194 191 
154 155 
216 215 
235 228 
187 188 
21 12 
180 185 
221 186 
213 218 
253 254 
13 13 
32 26 
283 282 
46 46 
36 32 
117 106 
28 28 
287 288 
98 92 
42 48 
101 97 
61 61 
121 112 
83 85 
94 94 
231 248 
105 109 
127 127 
242 114 
47 18 
138 142 
97 104 
160 160 
190 188 
212 212 
194 194 
38 32 
245 245 
237 241 
216 218 
227 227 
197 204 
278 278 
238 242 
260 260 
20 19 
1 5 
53 52 
56 57 
108 104 
242 104 
74 111 
89 90 
50 19 
119 118 
71 78 
82 87 
134 134 
234 221 
152 151 
104 111 
226 222 
185 184 
164 161 
145 148 
156 157 
229 227 
126 134 
186 185 
159 168 
178 181 
197 194 
50 32 
189 190 
136 184 
241 237 
200 205 
219 218 
4 1 
163 174 
263 261 
255 257 
37 34 
15 15 
226 235 
48 48 
27 25 
19 21 
92 91 
71 68 
111 104 
30 30 
81 81 
52 54 
122 118 
45 51 
46 16 
156 147 
118 120 
170 167 
130 131 
101 67 
148 148 
219 208 
112 82 
163 164 
181 181 
73 90 
173 177 
152 154 
217 220 
56 37 
214 214 
18 10 
266 261 
177 183 
188 198 
19 11 
239 243 
251 254 
33 31 
227 125 
25 27 
94 126 
74 68 
15 18 
55 54 
88 88 
70 70 
77 78 
48 51 
129 125 
121 121 
100 98 
92 94 
133 95 
132 130 
104 68 
81 84 
154 154 
133 131 
143 144 
114 117 
155 155 
187 187 
106 113 
177 173 
147 150 
21 11 
188 188 
180 184 
251 244 
61 83 
221 221 
243 239 
254 254 
217 223 
28 27 
276 278 
287 287 
6 8 
250 256 
29 28 
113 107 
272 280 
10 14 
102 97 
51 51 
135 130 
95 94 
114 107 
47 17 
146 176 
117 118 
128 127 
209 201 
120 123 
133 242 
77 81 
142 147 
253 243 
175 180 
165 166 
187 190 
197 203 
257 254 
149 163 
228 227 
21 14 
220 223 
260 259 
171 187 
282 283 
32 28 
24 24 
65 61 
57 57 
9 17 
58 58 
90 90 
82 86 
142 137 
134 133 
131 127 
91 91 
123 123 
145 147 
124 124 
156 156 
186 184 
157 157 
197 193 
189 189 
209 204 
168 166 
201 200 
241 236 
219 217 
190 190 
222 222 
54 37 
223 223 
267 266 
5 0 
226 234 
256 256 
59 93 
19 20 
30 29 
71 67 
249 253 
289 289 
20 21 
92 126 
31 30 
23 26 
290 290 
282 286 
64 63 
167 161 
97 96 
70 79 
157 147 
130 130 
119 120 
190 180 
163 163 
60 70 
152 153 
16 0 
196 196 
185 186 
145 150 
57 37 
89 69 
229 229 
208 206 
178 183 
251 253 
230 230 
189 192 
136 186 
262 262 
263 263 
118 253 
37 36 
26 26 
86 77 
59 60 
285 286 
70 69 
229 242 
48 50 
27 27 
100 97 
11 19 
71 70 
30 32 
81 83 
41 47 
60 60 
181 170 
155 154 
93 93 
233 253 
174 167 
158 159 
137 136 
147 149 
107 113 
126 126 
188 187 
167 164 
159 160 
129 137 
148 150 
192 193 
203 202 
243 238 
181 183 
233 230 
217 222 
288 282 
7 3 
126 103 
266 263 
89 72 
0 0 
259 260 
62 60 
33 33 
44 42 
66 66 
55 56 
99 99 
77 80 
129 127 
132 132 
81 86 
165 165 
176 180 
195 193 
242 125 
187 189 
166 166 
198 198 
258 249 
220 222 
199 199 
69 89 
61 85 
172 181 
232 232 
283 283 
254 256 
265 265 
36 33 
276 280 
28 29 
195 206 
125 227 
250 258 
29 30 
69 66 
272 282 
91 90 
150 176 
62 63 
94 95 
84 87 
124 123 
135 132 
127 128 
242 115 
187 179 
117 120 
157 156 
68 78 
40 16 
180 176 
100 67 
190 189 
169 166 
242 236 
153 158 
172 171 
213 209 
205 205 
91 103 
202 199 
264 259 
227 228 
249 252 
272 272 
20 20 
31 29 
23 25 
2 2 
282 285 
253 258 
72 66 
35 35 
108 105 
87 82 
68 68 
79 83 
98 96 
101 101 
60 69 
112 116 
94 98 
127 131 
179 178 
186 186 
178 182 
149 155 
189 191 
209 206 
201 202 
219 219 
252 252 
175 185 
176 150 
242 95 
46 40 
86 76 
285 285 
9 9 
208 218 
30 31 
63 65 
42 42 
41 46 
60 59 
20 23 
112 106 
104 102 
75 75 
46 17 
108 108 
248 231 
138 136 
130 132 
50 23 
101 68 
147 184 
119 122 
171 169 
203 201 
182 178 
204 202 
196 198 
226 226 
57 39 
18 47 
259 259 
90 72 
200 209 
22 22 
34 33 
244 251 
15 19 
55 55 
26 28 
59 62 
78 75 
70 71 
48 52 
100 99 
11 21 
163 155 
181 172 
133 132 
93 59 
225 215 
122 122 
114 118 
155 156 
166 165 
158 161 
137 138 
188 189 
167 166 
259 249 
191 194 
129 139 
221 222 
240 235 
112 86 
173 181 
265 264 
266 265 
198 210 
29 29 
10 15 
62 62 
73 71 
44 44 
243 253 
51 52 
22 25 
95 95 
55 58 
96 96 
128 128 
147 141 
180 175 
129 129 
169 165 
161 161 
172 170 
132 134 
213 208 
243 230 
202 198 
162 162 
165 167 
225 218 
195 195 
88 69 
106 117 
179 187 
228 228 
220 224 
2 1 
261 261 
32 29 
3 2 
35 34 
254 258 
265 267 
68 67 
109 105 
98 95 
101 100 
80 77 
91 92 
102 101 
116 121 
95 98 
235 221 
195 185 
88 59 
179 177 
168 167 
201 201 
139 140 
186 221 
169 168 
182 187 
242 238 
153 160 
234 234 
223 224 
175 184 
267 267 
5 1 
9 8 
235 234 
279 277 
86 111 
197 207 
42 41 
20 22 
39 35 
31 31 
2 4 
75 74 
53 55 
32 32 
64 64 
35 37 
108 107 
242 107 
187 171 
65 65 
97 97 
76 74 
109 108 
120 117 
98 98 
142 141 
102 68 
131 131 
204 201 
183 178 
16 1 
164 164 
17 2 
238 235 
197 197 
230 231 
189 193 
241 240 
201 204 
4 4 
222 226 
263 264 
13 9 
37 37 
242 97 
74 104 
125 186 
26 27 
38 38 
49 47 
67 101 
27 28 
19 24 
71 71 
20 25 
12 21 
104 104 
75 77 
105 105 
137 137 
107 114 
159 161 
138 138 
170 170 
192 194 
171 171 
203 203 
163 167 
204 204 
236 236 
215 213 
174 181 
193 194 
185 190 
70 60 
237 237 
269 269 
67 91 
11 10 
251 257 
270 270 
33 34 
12 11 
1 1 
273 280 
45 44 
263 123 
96 95 
7 17 
67 68 
59 64 
99 100 
78 77 
129 128 
147 176 
134 94 
100 101 
140 137 
132 133 
133 134 
144 143 
244 230 
166 167 
126 94 
185 180 
258 250 
177 176 
188 191 
180 187 
69 90 
240 237 
172 182 
25 20 
22 14 
202 210 
173 183 
265 266 
36 34 
15 11 
7 7 
266 267 
29 31 
40 40 
100 91 
272 283 
62 64 
73 73 
106 106 
66 70 
158 153 
96 98 
180 177 
139 139 
140 140 
172 172 
224 219 
202 200 
173 173 
165 169 
72 90 
24 50 
16 46 
206 206 
258 253 
257 257 
220 226 
180 190 
239 239 
272 273 
2 3 
253 259 
51 44 
253 115 
109 107 
47 46 
120 116 
139 129 
230 253 
69 70 
142 140 
101 102 
161 153 
80 79 
113 113 
110 107 
2 16 
183 177 
146 146 
164 163 
116 123 
176 174 
179 179 
138 147 
209 207 
168 169 
190 193 
253 249 
205 209 
231 230 
194 199 
286 282 
246 246 
264 263 
9 10 
208 219 
125 221 
279 279 
230 243 
268 269 
134 126 
20 24 
39 37 
124 261 
31 33 
112 107 
123 116 
83 80 
242 253 
75 76 
105 104 
164 153 
156 149 
135 126 
108 109 
5 16 
138 137 
50 24 
109 110 
119 123 
63 79 
182 179 
153 152 
131 133 
204 203 
267 259 
193 193 
248 245 
208 209 
67 90 
238 237 
90 73 
241 242 
19 49 
200 210 
12 10 
219 223 
263 266 
34 34 
233 243 
37 39 
16 16 
67 67 
221 125 
70 72 
49 49 
8 17 
100 100 
111 109 
71 73 
82 82 
60 63 
133 133 
112 110 
115 115 
174 170 
245 230 
137 139 
167 167 
170 172 
240 236 
200 200 
112 87 
233 233 
288 285 
15 10 
7 6 
266 266 
38 30 
229 235 
8 7 
259 263 
11 12 
281 281 
41 40 
44 45 
259 119 
14 22 
34 37 
118 259 
96 97 
88 93 
147 142 
207 193 
118 115 
210 198 
129 130 
0 16 
140 139 
92 99 
132 135 
141 140 
225 219 
56 32 
174 173 
226 220 
177 178 
17 46 
207 206 
239 238 
259 253 
191 198 
210 211 
25 22 
3 3 
14 12 
273 272 
103 126 
36 36 
18 18 
99 92 
69 69 
61 65 
121 116 
102 102 
103 103 
94 134 
176 173 
135 135 
136 136 
168 168 
180 179 
191 188 
77 86 
169 169 
153 161 
240 229 
213 212 
202 202 
194 198 
246 245 
165 171 
235 235 
276 273 
6 3 
69 59 
268 268 
21 19 
10 9 
83 79 
54 52 
124 116 
176 163 
242 108 
117 113 
76 75 
109 109 
120 118 
98 99 
69 72 
142 142 
221 206 
175 175 
154 152 
17 3 
176 176 
208 208 
227 221 
209 209 
241 241 
171 182 
242 242 
153 164 
274 274 
253 251 
13 10 
275 275 
5 5 
264 265 
17 16 
216 225 
6 6 
82 81 
249 258 
260 267 
60 62 
39 39 
112 109 
104 105 
83 82 
72 72 
149 148 
168 161 
182 181 
212 209 
215 214 
237 238 
8 6 
19 15 
11 11 
238 239 
262 267 
52 48 
219 225 
12 12 
75 68 
1 2 
34 36 
252 258 
45 45 
56 54 
49 15 
263 124 
118 114 
78 78 
79 79 
92 98 
111 111 
71 75 
182 171 
112 112 
144 144 
104 108 
166 168 
145 145 
177 177 
178 178 
259 252 
210 210 
170 174 
200 202 
151 160 
211 211 
243 243 
222 220 
255 254 
244 244 
236 240 
288 287 
7 8 
